99245
34136
93233
70865
19390
74551
58720
54269
55417
10684
29846
35896
61566
45920
46587
22875
98322
57177
77191
10410
53154
10186
37827
41008
55200
9231
3216
93845
63019
57890
67765
58645
8276
19929
9004
85664
5475
87649
70890
95913
65031
29357
96003
44591
39397
29570
47995
52565
12003
78025
78812
64965
86527
71591
15672
40636
92253
22986
19993
70324
25343
13156
46484
93458
82918
50665
57059
80611
32162
55626
91325
8513
44343
82372
19474
18054
62501
83718
48606
53233
85570
90199
17213
12391
55458
19702
87677
46930
6725
97949
65238
45945
39026
9698
32192
33196
80372
25530
60338
55825
91577
82527
20695
96575
37747
80687
94292
97031
33711
750
83975
31340
42403
65157
21315
88427
42478
31764
87859
28368
94150
66590
76559
89372
52703
64480
6866
10360
17378
10349
56772
21586
86404
7274
49174
49151
43979
91496
16392
47967
46467
80235
89721
17888
40482
60194
45065
25950
92383
76885
18760
13596
29585
31501
94476
90020
6943
11207
62265
83452
96131
42404
81430
44950
58347
50168
11969
13703
59993
38450
9989
14805
41931
59927
5990
4864
99036
65387
39544
744
4013
19016
60005
62075
74041
21716
68356
93147
725
3412
48571
31464
40904
92669
11989
32608
2015
55661
97856
13749
92199
42407
72765
63799
65463
87024
59015
65021
44827
98084
78778
92394
14594
6349
20137
3478
2810
6475
74705
80880
58787
43112
31380
61056
53515
74549
76664
27603
15252
91709
63834
40940
8556
4744
31598
80365
27056
56769
12794
98250
55204
11992
21787
76490
74353
45526
95244
14585
29651
82660
23741
88284
83362
19024
60911
99109
7914
2542
35248
28017
19133
1010
65303
31959
84913
16933
76018
25445
62367
61724
83321
74288
14922
82000
73493
71722
64994
61167
32013
57126
3315
49845
33634
47043
24056
78246
18677
85700
73954
52264
27786
65010
13182
26101
74973
51980
58561
33330
90739
26415
73538
62984
19037
79820
78537
62930
66111
3387
92488
65552
12632
47546
10586
89858
58624
84570
97247
27755
40791
10937
24532
30605
14544
12517
73103
40638
43186
5421
75824
45639
60474
79250
62480
4514
73443
90904
65352
37234
49528
4344
36640
55276
85715
10817
27037
70133
91590
60876
51279
68612
87259
58940
43677
67503
78167
69407
46391
55776
19353
74893
26108
83375
86622
32201
90665
38459
86794
70633
99082
83873
7358
72108
72993
52876
27461
79400
90142
86718
23816
21686
95933
81307
51300
25402
33557
81404
56583
53069
83411
4603
82248
27599
79158
97598
67044
73548
2952
29490
68401
44976
46955
82898
30189
90052
94217
57776
86256
20767
81114
7672
25691
17004
66729
15506
52157
59491
89951
87235
55043
1663
82153
83867
87816
54025
33634
17365
48989
64687
70844
4617
62296
66409
96870
71738
70333
76644
37874
78511
1644
32035
36660
46025
54704
64440
2490
23733
53711
19198
43779
30978
43762
22430
22384
60994
23301
70296
15102
4815
34435
18681
58560
76845
24053
22026
24902
31203
79996
62490
33840
7014
43177
30413
30544
95074
65717
32499
49624
44535
18400
27582
55862
37860
20288
7521
47024
94260
60202
71091
36028
94148
62990
76580
89774
44426
95615
63026
15008
45341
61649
36647
43680
7977
21506
85732
68096
82245
24498
19767
57828
82141
14994
7719
22777
69411
21003
60719
36137
22178
97608
43284
63758
22295
66844
49756
7212
74477
39259
3475
80326
69394
69233
31048
32720
70758
29833
66006
90470
83406
37243
82003
16703
38737
22370
40918
60463
42795
38055
57939
72988
88884
68417
85207
53357
61765
20274
28302
75938
68421
53890
71810
86575
70161
43531
93017
63459
25982
21865
7513
91251
75763
76429
74510
21589
31177
77681
27440
19355
46177
65070
41917
99522
27326
94013
84416
18604
91208
86927
7393
70699
67238
60955
46617
73936
69861
81627
66874
96354
16202
46237
16667
44095
27900
43905
18216
81747
92358
39206
29899
79
86716
80912
31620
90457
38613
47337
2292
74672
96018
23338
63096
28226
38725
34136
45886
64010
43895
13724
96258
51737
46509
59025
79779
90456
57693
49004
47013
26108
464
26125
62558
49094
85003
70548
4015
74264
96540
83266
81498
39585
23369
77780
41342
94483
67372
96168
105
97653
68538
44294
19712
45569
73942
1457
58225
32826
63122
15808
49438
66383
97984
84445
96724
20927
47963
57843
66127
21788
80236
74466
23973
27517
56096
35010
45420
22507
34774
66316
25695
88876
37060
77372
32548
7445
48740
5452
46666
77868
53530
37676
88075
67377
45602
1312
15765
15470
13847
84089
86099
13364
6100
757
99702
58647
57712
32900
22647
6452
80531
38744
75597
26020
91829
35971
94258
11560
51076
58187
78450
27043
77201
79671
79512
39172
16407
55831
66666
47843
78423
23021
43161
80181
25508
99518
15846
43247
33488
27724
22554
91359
53507
79858
82389
1339
969
92446
8290
99728
1921
66915
12989
46628
14523
40208
42372
49508
19830
54604
41078
41025
91574
67363
61909
59118
43118
26197
99777
20851
86201
75222
34677
49375
96577
29850
71142
72362
43267
85178
39322
26367
66402
91745
97762
22977
53072
15855
30198
93562
32764
68721
34320
56395
72647
40066
24549
39061
8840
35424
89224
17692
3808
14613
58644
47938
63605
59294
23930
49306
55460
49845
33862
39595
72632
42859
11959
42788
45003
11269
20116
90238
47501
99505
75400
40793
70156
39309
8882
26372
2186
8526
18106
34599
36888
62421
83927
34579
32030
46287
21717
20759
23847
16981
74493
63144
32951
45148
66793
30076
66598
13155
2348
2219
17284
96620
19122
95204
63938
39053
64531
47382
78346
32854
97555
22107
71910
76269
47947
94629
62951
46215
10680
29909
33620
75352
92066
32925
66274
42368
83373
85423
78807
57726
42430
95211
57110
6428
15937
35040
51075
71959
36356
21555
69119
9860
60061
18477
74419
82004
14266
47237
78120
15215
7264
65352
59845
56741
22406
99086
56094
41309
13422
53405
10120
72831
5454
31368
72015
74403
33701
64046
57241
42231
57371
53520
16504
89825
65745
28533
60054
58652
63210
73301
78940
1053
73095
42432
1389
78457
50844
50688
78984
40799
74675
12402
22179
42434
52204
87369
80519
16994
36761
31562
64260
22704
46790
26751
70019
51468
87000
59645
13229
79606
25677
47578
53121
10254
87806
89789
20298
93064
73800
33718
59001
87407
29737
99589
60024
99842
81645
98135
16208
87995
12931
67252
3252
77828
1312
57565
9206
32326
7637
86052
68171
17139
7819
71559
65774
54454
72392
56118
75068
42756
38081
90520
46654
88498
48978
84929
14984
9124
1804
73410
54493
13459
27156
26412
82585
40308
42082
24462
1448
52027
93454
8059
18075
73020
3301
34785
20653
26313
62185
64187
10485
29361
10684
71836
43191
18628
32032
91283
20288
67880
34578
2943
56895
59015
96311
38929
39405
21054
73807
75416
55622
19633
39962
52289
99438
92135
52652
4748
23821
10941
49367
29246
5157
93607
42996
45826
74532
99969
44145
44515
59160
84398
37709
50654
30135
61054
55902
79386
1913
23094
42123
67167
8418
69969
93443
56923
28507
36697
41325
5856
65255
20802
3584
74431
27081
70246
98651
70803
96187
61213
94617
7705
38017
20848
17742
43800
4597
75192
7721
766
60760
21765
97173
63339
30261
57268
81145
88406
84034
42502
37172
99796
97141
47365
34923
1776
66330
42356
35168
68502
74225
59184
79136
99649
33777
19401
12366
67634
45747
31054
38867
97868
73887
39170
39322
22093
43423
84858
35329
47822
98735
90630
4342
5027
69492
63891
24713
22963
72153
15350
84240
69400
13291
22560
56214
95992
23808
90182
32707
33606
43248
16378
39130
83868
30838
54982
67201
33532
10850
87702
6982
60225
34315
65482
35517
81137
41508
47326
93896
66032
92565
13837
61272
8109
22370
9540
33361
59176
71474
7189
5145
93195
1834
27130
33130
44916
93666
16364
30449
17869
46920
88081
61046
17331
88123
9513
74288
48284
37846
62504
44533
60544
68021
96729
2865
13562
61914
53668
61954
64628
39092
96424
52567
80583
28561
68870
71216
80801
2848
84348
92749
49548
19323
12984
24619
91653
13946
39782
63119
37305
94536
54307
58326
49647
10107
73158
61282
99705
87350
95936
76090
97025
76944
48728
75150
47559
25606
12668
80599
91913
12115
68624
4014
32513
33077
60787
36624
21862
97008
66523
78771
33510
28544
68929
8301
38837
66260
29020
58732
2192
35810
10229
47796
26471
475
83740
88494
49612
80801
47604
1795
38356
56029
28237
58910
35469
19220
47351
2842
16779
58386
35354
6180
60742
23557
43619
19315
78196
48240
96650
55417
36211
14616
63765
34204
68669
50604
12364
86466
94811
35227
26480
65836
97060
22295
59303
90017
40879
88248
27102
57151
27807
91763
14923
96839
30786
77340
38403
12451
24877
28902
5150
60610
62093
99334
9574
5066
1827
60155
29488
78076
44290
86925
62211
87058
79630
62562
98578
32607
69289
27445
22117
46978
8172
72979
91793
54509
25343
40362
63483
32463
35166
4478
28412
65325
85614
65644
2786
9628
37817
26613
34644
49242
65045
28648
1671
51042
72188
52633
61967
32858
40978
30225
428
32383
92734
60635
44726
87117
61683
97866
80335
44394
13398
99762
42585
69454
6487
70458
99473
57665
19138
63727
46563
30462
65839
83683
52837
67544
1376
79179
23515
2552
91598
46788
43907
14892
44517
41702
72352
95108
87855
81767
34934
81888
10782
25618
58407
86564
22042
5266
74699
19229
44911
96838
89167
29630
25901
83175
75615
35049
34187
65071
34836
95297
86402
13267
84188
14877
5984
26961
70197
54523
82279
71146
9757
73682
95675
64823
62563
45139
85343
93886
14512
52214
58626
68719
24182
66168
21475
9679
61489
48423
42190
91760
69933
41233
88848
79356
77272
75368
46407
85917
10288
13121
23533
18306
50342
32912
9751
67855
49669
18543
97441
39124
38607
57558
91754
65865
72942
30473
5140
53388
35287
68559
25537
5696
72464
7104
85027
43519
87968
64210
78810
99598
14923
19613
51477
50161
12737
32826
37033
7419
20046
25613
49571
16697
37351
18330
16598
75773
37308
47541
7751
40582
1407
21283
73311
30826
35061
3626
32905
4789
81510
61079
29352
35724
38464
36358
15630
52449
42360
54587
82470
7714
16505
52165
15577
68741
89609
76662
27258
87538
68006
39704
22565
64895
69520
19343
31923
24796
14993
84781
19490
4862
22434
68909
74488
56053
87670
52835
82035
90572
42233
69344
26462
37012
85497
44024
6643
25994
19128
5730
49990
25047
82815
73078
47072
51797
36278
71935
47999
53635
8798
65194
82802
9526
63699
39586
26757
14504
34416
62023
29742
55089
15150
59388
60001
15692
93344
22356
9308
63014
82153
99565
45895
73729
80486
4788
51346
65357
99258
72349
5758
55112
63231
12554
82540
54490
12643
26958
6643
15807
24086
59733
11554
88240
90418
15823
84163
19983
19072
65307
11179
5532
32300
70281
57398
54328
35537
10574
87122
30792
98542
14694
89801
88668
78046
27333
10779
16591
64023
47919
24569
5010
3675
58499
49260
35035
65231
58583
17998
12560
52308
71856
25523
54953
7353
57984
43858
18810
51348
58655
25416
35618
82301
39064
10481
46167
35206
13957
53317
88817
99508
96385
16692
49265
82675
88925
34271
91034
71976
14601
57155
51403
42326
21196
93355
63807
32978
85539
18865
4815
61116
71729
78221
10160
42485
21992
49610
41943
54288
75958
3944
76332
59860
72637
13522
85102
72769
84469
20028
87041
54732
47741
37807
40005
88115
35236
79973
21976
50983
9530
38640
94096
96218
90298
71656
69209
92369
79990
46652
63038
81906
51443
64489
9359
48640
36598
31198
68141
21055
51807
61039
29184
91870
22228
67680
29458
57437
83627
6316
7892
24535
99247
13942
13927
44519
93432
2411
90610
47058
29039
34047
88527
80608
11675
72892
56616
21752
45686
32598
25111
76694
22587
77635
37125
1343
76568
41955
11087
87931
66375
97717
31185
13624
84696
79869
2708
42383
22849
45689
55860
34487
89112
92048
58294
7817
57289
68535
36235
2161
57945
5932
49426
74725
20489
72378
25096
12434
91270
80348
56109
53856
4957
22572
76721
31848
34183
54529
46543
72269
88975
2306
83961
33607
4117
44036
93012
85650
65789
16184
55056
10679
60124
66838
42878
69121
60275
70731
86507
3845
78407
63250
72604
8605
29164
6160
2054
77491
52631
73922
37225
7407
74470
16763
4688
49432
38105
11117
4257
2471
87339
71614
1460
29819
84415
49505
67934
90574
81899
32080
88984
88862
32992
51554
21180
3766
72174
11606
1071
57237
58966
12714
2032
22089
91319
82344
29541
80924
45954
82832
2173
80316
85347
73503
82578
66643
34327
93823
35248
74238
22232
24525
42942
98455
35677
1622
85307
62017
7490
51074
20038
7308
75143
58886
76449
7376
72014
81052
16385
57099
31279
23414
8032
48074
9450
37560
67258
4464
81914
75947
6950
34618
56696
32312
63447
83202
64487
56554
57504
47928
56151
3929
31791
45939
24778
15462
92102
42016
40601
71047
91163
52466
64502
81639
44300
30790
85657
38012
74715
18098
13875
33131
93825
30120
44000
72301
54665
870
28138
21745
78680
9175
56847
8199
70393
98638
24208
45425
9063
23788
86812
56605
54237
43592
78279
41875
60873
52787
92957
21133
68887
19031
70086
16384
5208
98158
74696
14808
62792
24995
70905
43169
14293
59294
74976
94472
33576
36831
64404
23339
57624
26563
81976
18510
26185
78033
62759
87678
13229
90004
16787
66966
38723
88576
11262
39564
61721
23888
26308
53726
57766
28762
30967
32269
190
16619
39925
22534
50983
47757
7383
59599
78094
75412
84459
50382
25753
36027
68006
69573
2714
87616
85559
22179
87215
58435
10192
84299
17154
72709
24402
45355
65908
59236
78201
15202
76405
56920
50933
33078
35849
59451
27271
71752
45912
54809
61729
81756
15704
78456
83507
33919
89770
65339
79885
30521
62895
31797
87554
73782
88609
85314
20471
93722
17133
41851
33653
68056
63981
59165
64698
84229
21066
64455
2863
32911
29670
80278
21838
17830
2719
19871
82756
29302
40218
60224
60641
19668
20444
26033
28949
70224
67851
91455
47097
42211
68937
35067
59878
14960
52558
82462
75629
1582
3742
31918
67696
36889
71082
45626
81465
15703
96437
67987
89759
43297
59688
6758
53813
63021
33363
74428
53349
3212
8643
22361
85816
94599
60653
84119
71342
37452
7996
89582
50472
56765
59684
9056
62764
58562
6208
75114
25443
91963
97397
4435
86461
40511
15512
5681
19621
52787
39331
40287
85245
98918
5681
27465
11156
66413
22768
4680
46925
33560
97178
66342
86069
96768
68213
34252
4307
39455
32274
60878
5695
66606
1010
15179
21786
26441
31241
35188
56076
13520
9133
8078
66119
36642
60688
32537
98582
27346
44654
85211
24016
84473
21095
64597
98170
62700
94591
36284
95812
33284
86875
53255
59205
8570
21509
18071
35932
27688
62207
21008
77049
54667
50806
71988
72421
87338
99476
12721
5723
32615
95622
46564
21399
31278
70605
65708
37789
38499
76751
89523
20456
74152
25499
96598
21591
76026
27953
93686
76607
36910
26535
22339
26315
92406
84326
28497
50662
703
54860
17360
15366
930
98661
89730
55287
79402
81942
13378
84646
90823
99111
89946
42084
298
80077
87746
66965
44055
63098
88890
74527
71713
28204
47120
38623
54995
46310
79919
9444
59206
11086
4500
64643
86377
11977
51248
56128
58966
95265
16642
52222
47980
54333
93320
75616
79773
60057
67404
48315
14750
18550
34272
27599
52883
39216
90263
38724
1572
51342
12712
1642
83645
85344
41157
44631
52052
59837
69698
38426
41835
53093
7169
44232
25404
41495
86600
6480
76894
94199
4417
48336
65161
7432
58316
62673
22061
16010
98390
32397
63344
86768
83645
75856
81699
65649
64572
79840
31696
94617
14082
34107
62336
99101
14653
5689
46544
48687
31998
63767
90681
29193
33811
85227
87293
31430
61326
69100
1025
53871
67774
52780
82784
33789
65961
78251
47500
96185
83670
80014
69694
47020
94944
32258
89840
67466
61516
75739
99851
31156
886
34221
59228
77281
86533
12396
42194
96971
53628
32733
86086
25560
18336
78696
2817
23204
28962
34400
49854
47474
63863
88296
16743
5120
33055
16213
80390
59404
6249
15736
94449
40988
82451
54090
31933
84353
51289
3117
92899
58166
63632
68103
87669
95186
6433
91271
21228
94779
71856
37392
60977
2650
27410
12750
10655
69579
39211
80660
84042
89683
50482
34693
77214
41711
14298
84044
16092
42471
14412
13679
5848
18498
60868
21066
87688
26709
69978
38427
46753
42445
67366
21087
91996
49056
46524
32365
88246
46783
10540
66122
88263
26461
52708
42202
38340
90346
54931
56837
95562
44231
6697
80697
93391
20633
12730
23633
24175
33557
43110
609
29525
52741
8948
41750
58024
63069
16863
65428
17776
45849
54828
86215
49004
88736
55373
2432
2601
49355
75331
31428
68630
23931
99007
37253
43574
95332
17561
93424
63299
44593
65147
21373
843
46418
52776
83725
30145
8242
44547
90870
1875
27958
66298
11527
91201
91601
32311
76333
10246
15464
81278
70307
53158
85143
37929
19282
32299
45668
44554
59290
32049
18914
21125
25403
65915
91203
69710
45427
8921
34321
59023
56100
99995
85419
98920
78878
67020
64862
45830
20599
72016
38398
92467
3416
65778
79218
9953
74486
82895
79313
43337
93836
48454
34347
8663
28123
68283
40614
10694
430
2436
91090
57915
11367
59211
42495
83802
43248
11748
99758
1020
64611
3893
29508
32367
38182
83604
20997
8070
16096
72515
8970
53852
74522
73537
75635
64078
7107
93573
13331
59654
8824
83463
25667
57799
24795
10030
6374
18969
35062
83027
94325
45008
79841
77647
8121
23777
55990
40593
45351
46113
7726
67892
66674
89609
56558
48099
79137
64274
85748
70826
33440
67846
28411
3329
23316
85167
68093
22533
41870
24652
42730
35210
48040
57944
30434
95252
15418
49426
43111
41661
12747
93123
95271
52940
70437
18654
51823
92778
57226
77919
35191
10028
45107
72850
49336
41334
10048
10614
96810
26322
89261
13587
71808
1745
86913
3039
45839
56979
59991
57805
6954
41599
66791
56742
91441
93116
13833
53257
92700
29628
17458
46517
1169
62894
17372
51685
50250
55361
95853
96348
68384
24064
24659
56118
73199
39972
88258
85781
2664
17461
45119
78841
82080
24653
82316
71057
43566
73261
60401
72329
77820
81547
4331
50876
79057
44432
14646
38900
59725
83723
17151
62057
53566
2879
2860
83723
87056
67390
93618
53833
43839
5423
63199
12741
62736
4393
83020
8881
48504
82028
48053
28944
3971
36358
81315
11909
43140
56427
31119
19960
94611
46125
94726
56586
63725
14330
67431
1607
46639
25389
32563
94299
78304
5733
80829
78049
66671
97439
63533
16277
38308
790
68784
84939
3361
10399
92135
48408
18408
60364
12491
141
81234
89914
17804
52269
12634
35218
11672
16782
12751
51939
33839
80557
9022
37559
27189
71681
28086
36981
83896
80524
51189
83866
31723
23900
26445
42532
11564
2350
44425
29985
81906
54143
92738
95137
60761
930
84079
75905
15765
18539
43062
48010
12456
67257
99235
68146
13054
29655
54807
66223
23448
55683
34292
94797
64990
803
44061
89387
29980
2650
43241
89730
80519
28127
45645
90082
40777
48326
43624
18896
97914
82297
55314
90210
68695
13802
31078
3102
37831
62610
65400
65504
81770
65644
33574
5444
83972
139
67710
17588
78523
38840
66562
59356
79174
89450
28584
16266
86353
22512
30636
56490
21776
37987
11822
73013
55719
29830
87034
48107
24540
53104
88897
77555
48084
27236
35420
82938
5417
16024
48565
30172
25630
71972
38670
24713
58718
71559
5065
76872
96298
18278
66157
41371
13386
90758
48172
33910
52845
16405
10711
18806
30979
9664
50302
44549
52734
67922
60456
14993
36540
63262
47069
3019
75374
15157
27889
34955
10700
50133
48474
80623
16476
13987
91524
83010
44979
96838
72349
47176
86111
90362
41176
6084
96703
71400
41980
86472
94013
82198
29480
74541
33321
1392
90470
83051
83554
90231
25097
43404
16848
16472
48619
91991
56617
87490
72706
99058
48233
121
90120
74977
32444
21397
44001
14569
80338
44171
95701
83015
87841
61800
43341
92409
69053
7069
75032
78010
17452
10286
3769
38074
15291
92468
78837
8341
11195
88803
65503
16565
65038
71898
22177
12295
58923
33854
24316
95173
58530
4045
45875
58924
22758
59680
89548
13692
46135
50167
81442
37873
40876
97130
31627
1484
42541
84205
30321
58878
67534
27050
36689
69743
87046
64575
82049
58063
73382
85659
13194
92391
78717
38564
16167
62746
3277
88561
81511
28209
97920
3452
95260
76230
27113
20447
89205
18326
62626
64613
82548
20138
38432
17328
36298
54769
15187
3653
9286
68664
54303
37098
25487
64640
42048
73768
78134
65136
24116
5546
980
30275
86676
13293
51910
65448
65175
58807
52615
10441
73148
11402
46913
24963
99316
62683
79965
98152
73114
57941
81902
30299
79675
88128
38356
50387
45686
16125
16965
4681
1357
75080
27073
18675
62548
35418
10506
15204
11883
91554
19819
12658
68961
35854
61544
28718
50833
73265
93934
89284
10800
55926
42663
61355
28907
1841
73155
65644
10839
64430
53852
97726
82588
32165
79610
25851
27573
12882
79141
34780
28614
82637
65552
99902
39994
57308
94486
58260
99488
35735
78152
45194
64400
58392
59544
28020
43076
48169
40105
17053
35504
64592
86712
92856
84013
97120
81713
81407
8491
72583
99987
85818
63225
63695
15210
37854
24607
56399
15750
19136
38823
77015
79298
71387
58038
55860
18207
90052
5140
99420
15741
63183
89709
98080
95492
13669
81702
65779
76114
14401
84514
85753
44249
28148
7229
8466
70230
47597
38166
92682
93801
87867
14633
50640
53547
30735
60521
13224
83060
45967
94929
71031
90288
53309
83045
62547
57156
51370
23877
33459
53773
65183
94077
86230
15119
77352
21877
42453
94369
75667
92940
22768
58793
59156
50170
95137
41922
82793
47782
14311
19622
62241
88234
10158
68647
9679
16120
34704
66185
70579
40872
69494
42930
30393
43645
23635
70548
51495
46583
56362
46670
95613
73062
10862
86360
20742
52058
43259
53910
82856
23531
10331
70668
68692
26849
23381
73149
92266
48393
45043
95729
85650
31999
38244
12146
60104
50851
88186
74760
6646
29397
20612
51696
9207
32168
90274
35331
48962
95602
46417
67982
89725
77679
11078
15420
35439
73789
89478
37412
85970
70336
68061
97081
65964
23165
21539
91880
92749
54312
89601
86837
22266
95700
9095
11993
67523
23152
93729
54957
66717
26811
38645
87520
86204
26805
24494
32638
12358
14222
31897
67372
10019
39546
52221
95614
22899
4872
65998
98140
80412
96902
63929
94962
44622
12572
77941
3104
88692
80716
38300
30125
33637
46004
40289
59579
15763
92292
4956
30918
61550
32253
42143
24950
10650
55223
71803
55744
94032
66907
8971
93640
90412
1096
56678
76387
8381
81537
37534
58537
81063
14709
34729
66087
51349
72412
25705
97552
68843
12229
17007
62658
20409
78652
17132
68528
43914
24638
23653
72271
72218
83870
69987
85258
30348
23561
9640
25653
57806
37181
2193
88062
27550
6812
19968
93740
32703
34725
53489
84012
2557
21117
82850
52218
73697
62079
33543
68516
40585
45714
41033
23654
71044
74379
34740
2015
70416
54342
12933
66436
91213
53400
38088
4993
84257
59931
1471
31133
99677
98196
73764
87117
70463
93999
23700
50591
16183
48191
15097
40904
74576
59070
7246
52959
5944
21557
1889
92791
29907
42701
82351
4063
41815
42892
1498
8506
94649
98150
37093
67393
71241
55480
80009
20165
47669
13907
16626
97918
50321
21324
2110
75274
43997
4181
28473
4524
31673
21685
15112
7111
14076
47810
44579
58255
50978
85441
74709
46955
94894
89722
57073
40757
15251
91370
94202
86409
29985
47264
67930
50675
91893
88370
34329
94658
60416
18296
80815
980
86542
50887
81847
87551
39512
97260
65727
76567
44439
83352
85194
78756
33225
92618
52223
66722
50984
95956
6308
85325
55518
2034
63601
9868
98959
12452
73560
78412
73697
88626
57144
78280
9053
26563
83375
12449
5973
2922
99441
93095
77011
79785
42604
91963
21456
42743
72615
1867
48720
14075
45174
6298
47767
88016
63343
27841
29473
89700
47885
39777
18158
25474
82319
74956
85322
23091
18468
75051
90906
21374
79683
90574
79213
3186
37252
63721
23201
14997
92741
14865
83708
3341
13255
69696
22598
51113
18719
53043
9974
30207
2776
43680
59458
51508
35715
36656
54423
33701
3980
59065
65198
81631
13362
80265
38634
39248
77072
11850
92546
17081
87482
76709
21753
81738
76215
33803
10406
50700
90637
91858
69849
54963
38443
83159
84739
40336
91872
37411
8678
30452
52784
54047
53210
44017
10280
44590
31184
4579
67638
53926
77177
77081
64274
80036
9893
1203
7405
34444
73147
36730
39428
5199
23141
80511
74370
48013
88206
25625
39449
59136
14383
41780
35760
70113
91554
10283
36687
31835
96698
38948
35638
36607
70921
84656
93339
48223
39223
22941
11381
22366
49263
12169
31664
95541
32254
54663
5020
83069
72914
88127
58181
5077
871
75007
70835
33284
22127
53024
53989
64503
22071
94008
19797
46295
54420
11657
97310
98475
54227
17622
13993
78938
46442
52385
22014
62262
21541
97690
92722
91291
92887
51414
53571
67607
53123
73038
43046
93194
20753
16892
14990
22499
37546
81895
80195
40300
28123
49234
36138
87919
54361
19298
12410
21105
52413
4395
85537
25172
26154
62969
565
2430
91064
44314
21176
82870
48418
88007
70610
80092
47458
13709
85448
94969
42988
88780
38415
50653
80053
26480
26133
62042
74889
40824
64107
55205
64969
30540
81414
2953
33456
59061
96091
62743
36715
44526
73611
63990
24057
57037
36673
83546
96721
39781
7479
8999
36155
97112
71921
49699
69629
92064
23139
50295
4027
11917
36940
87358
45456
79598
87956
62278
37522
75976
17856
97155
53886
88675
20306
30464
92557
29392
836
9293
62398
38188
244
94279
78946
27047
44703
8745
94677
26608
30857
81841
75450
74103
33678
17939
28134
24281
90882
89737
7516
28477
13949
39689
52554
9908
75795
5428
58870
66444
89312
47322
20836
16683
53310
25772
89147
76646
58243
3206
56554
52659
75796
98758
78962
62889
77734
89349
74391
3439
19337
63474
17031
66108
8692
69143
14324
58817
20927
76034
23426
66506
86228
8420
48606
17795
99272
58973
52084
19687
41057
3914
7851
30439
81587
44641
55295
85399
29565
89735
5213
66731
50167
40203
2513
31304
12643
7868
44160
24785
20667
47421
46920
6418
69563
25761
17854
68520
73822
20954
85575
42512
11915
45964
62745
90496
98383
88448
25646
29987
22061
57027
50576
63328
82540
4754
99285
68421
98099
32430
77084
83448
81451
79440
35789
88056
54315
89675
20338
52926
53522
47041
81167
23441
44800
52477
96934
33359
28247
32691
6712
45890
46516
59979
3571
52673
16864
15978
11582
66663
99969
62069
98534
96275
16054
86113
60885
91569
61855
64944
56917
25167
49075
81711
40519
53751
10319
91280
9821
74838
54365
27402
93451
78931
79421
75039
74659
88568
32583
43241
58550
2331
84445
91299
3679
94861
73153
23190
88369
47316
44355
62357
5652
76268
50550
73846
49364
40740
47630
77986
68422
84455
37275
78089
46332
24733
20749
50213
77492
9254
2450
46473
63811
84383
44426
24896
70356
38702
20366
9787
2350
12714
12779
54499
98031
27364
71431
60219
67408
47949
89643
48591
41984
14035
47183
76258
28543
51409
13706
42024
96530
65380
8321
45553
19713
56531
24630
15021
40257
19125
32521
5492
68968
37181
32029
60320
90600
73781
9760
49634
62934
47
15779
93735
68744
79741
57611
70184
66033
93687
12968
73762
38381
28179
23566
94297
6044
51667
49357
97727
50809
98469
97047
44518
32144
95941
57156
63555
39240
67294
53108
52520
81868
7315
25542
68407
60157
28859
64983
97297
20694
73213
45334
53711
30166
90261
72880
14272
39990
52824
89397
22205
60273
76705
31758
2382
30252
47214
8144
46153
19427
97650
55510
25256
50893
45729
15087
27223
79272
67553
73606
24997
34379
63392
92958
46999
95632
60578
21411
52715
86514
69296
84199
35818
85202
73625
36476
77275
69109
40806
72941
40479
16681
44577
56948
34062
66564
88525
54418
2413
71982
26866
94125
98394
51303
28937
64262
39491
15086
32156
97433
24740
35210
17664
6481
19997
79666
57368
22365
96473
67446
19140
42112
46728
87057
68016
49717
62846
56569
9844
71411
32462
30888
80985
91807
60492
33343
81444
260
78101
32482
24946
96544
42859
35776
86673
6347
24852
64213
17591
84659
16458
63533
5941
40020
29613
70793
37019
17817
94040
77697
93819
33426
53469
68650
37146
4928
73645
35143
69511
85370
70759
70600
4584
20875
7698
58145
92349
1813
20759
78296
38995
52800
31141
45298
79109
60492
4260
81854
61125
44900
94742
39108
72656
77120
75601
7724
73365
53919
43844
9284
66180
999
14759
80902
21036
6393
41827
51993
96452
70874
72526
30233
92213
76809
17873
37795
300
17133
71772
78934
63478
1709
8660
24010
39370
805
71655
35316
48438
68415
23995
47206
54595
40035
74876
38686
97484
54951
70989
75666
55360
56919
26649
56816
47912
78070
23024
15967
77827
82263
83247
49035
72179
23396
91714
4756
60428
25921
83665
75654
54213
58143
21494
12794
90421
21799
10585
12931
48713
55724
90434
93324
68865
50451
37147
79437
42871
26903
56873
69283
81398
58957
77034
85968
85460
88707
31758
98860
42902
66836
9936
22529
75522
87406
72072
71648
3192
10923
9122
33358
44497
88403
21819
93421
23900
7698
17356
21873
53085
17611
66157
19038
43614
53414
68365
65227
51752
67239
33559
49271
78058
86311
10552
97228
4219
28286
62600
89654
45065
78836
52369
95949
41296
43495
824
94227
36351
45859
20117
76824
457
45156
88468
99823
87001
41518
79000
63648
23240
47009
32827
6338
69107
99936
32044
51919
15487
99117
25298
99660
26315
14250
47908
93906
69834
32969
11130
45633
15506
28607
11308
88401
40073
63857
9260
94676
82270
18120
33575
32170
14493
6873
42573
75332
55530
46517
24690
45706
8427
21294
22248
91173
74795
59364
27276
15352
53871
28025
76049
10683
61060
73523
13876
31838
55841
15423
79934
64411
79746
93315
42317
69495
27296
63980
4473
41364
2305
9418
94421
72924
95094
81980
50882
64497
29377
25009
52336
10150
57038
45097
97121
64251
79431
77944
9111
43248
80220
29011
18518
3825
17789
98446
68185
11348
58906
90765
27715
29604
65019
76713
73851
11451
54377
46954
81105
46244
24114
70631
70133
41735
52167
54533
39881
55978
54097
73243
60863
28043
10058
79397
38368
43183
42275
40414
18926
18184
89267
79033
84381
84151
891
65187
21883
12720
23942
35957
10680
18544
35229
29731
47094
81730
19563
19333
86444
60609
26078
47914
79240
75772
31845
19527
32523
45971
44210
59604
94057
95691
7673
32162
35130
70011
52226
33611
57631
26378
65571
95210
82207
12922
30806
44601
24157
82450
88860
33364
75953
92884
12134
93584
27406
89621
11933
38245
99877
82313
68232
39440
50741
35486
46818
8283
83170
10903
85586
39049
86816
69540
92258
99812
1287
88554
1712
4869
55802
52505
32309
27094
52816
21692
98404
44668
68459
84925
7681
68712
576
85992
32302
49302
1183
16593
72392
82678
26329
4903
27773
43578
67613
48694
6923
9543
88013
42485
65943
79500
91591
44278
57150
62206
83467
76974
82627
52830
56824
1884
75250
50899
64977
29672
64992
59545
34635
31836
12970
66518
97577
39497
58596
63958
56780
54685
31665
78336
91158
590
61715
60126
14531
60183
66934
73261
37225
73413
40964
72279
83997
10690
10690
69795
10068
34555
20269
45697
74613
80567
36185
38066
19753
56917
41149
76607
38289
74208
25381
88917
98679
64789
71293
53130
65070
92146
79185
53570
61445
27416
64216
2204
52797
80172
62434
85927
54646
93473
90261
22296
30504
19988
93412
54375
79681
81970
36994
29457
25189
52187
61170
5642
61961
81311
80013
36076
85174
96465
76704
61654
45364
49728
26573
8711
49333
20705
92145
19857
9636
5688
14895
91535
12944
29098
39160
36227
69615
39562
24765
43965
62913
37269
27371
12469
97770
21924
72282
86227
75311
94304
62344
28408
74894
56501
594
98371
12478
45770
47759
21071
47145
27897
26988
10304
60179
72452
78650
59575
65893
5792
54588
25724
78233
88995
88071
49593
19026
83687
10904
86283
63013
92248
36320
4182
19304
65350
56023
64319
47196
12930
14689
91355
31343
95846
75358
94428
21345
596
354
77113
10994
16397
27714
26591
43150
87931
43221
35801
62105
39339
39869
69891
49634
89993
58252
57429
88897
2160
18348
48654
34737
42675
63958
2954
14668
92140
25655
20516
59803
9373
99951
51057
97239
76205
36265
2549
10613
54865
58023
91829
22853
8848
54815
58976
65262
93239
79214
13732
15227
6335
75312
51905
18750
94092
729
72564
81451
32022
47298
3031
43329
92449
21698
71096
89470
63560
15600
46976
34033
61967
41336
65057
86752
44160
97580
3022
2994
76916
62739
66061
19213
27215
72623
3980
43433
64659
57046
9600
30790
59352
89339
73908
93017
51463
99513
63831
9735
97384
59965
85478
51335
31626
22371
55626
99709
94903
9201
94739
63212
35563
17808
44666
8363
96166
73381
72534
86164
28665
88754
79374
12835
94954
8240
91173
83403
12368
11280
23030
6875
31597
33332
42787
64496
29226
25723
45680
25662
6909
25136
69249
27544
88073
71249
51787
21791
70651
53500
44544
48233
22228
60948
8780
58620
54899
92797
95059
99576
71634
95327
50991
59517
76915
66874
42358
86451
81025
62035
45591
336
61011
78387
41356
92359
76423
55694
32447
78168
6416
76231
78446
13200
85507
99570
4976
99825
16379
1410
11803
26601
44858
67797
29097
55719
92188
46478
70840
43040
46141
3962
24601
43496
1440
90972
93522
55222
29776
7190
66290
90771
94937
82779
97507
83548
39051
62770
44227
82294
34016
2863
43649
25307
33750
52223
52868
94610
51150
91866
96507
4100
96214
25676
34095
2055
98370
7866
1684
30806
36765
3855
24171
85349
94220
23786
60294
32390
22275
67596
53347
55517
58990
12416
83466
51373
50600
30299
44412
21368
77163
8587
63103
92398
86233
55345
53214
99321
70251
33455
89111
43451
42046
69303
7626
14120
84352
92035
45693
49072
72014
96902
42628
38148
60315
91853
38671
99740
7146
69304
79487
95875
40463
75351
58018
18697
57880
84106
35846
97853
44261
90724
57964
99143
31307
35175
92766
66779
76248
7044
68782
11202
83499
17780
98633
4126
78353
97013
70193
72984
29923
75507
21599
89128
74040
63230
73120
67811
67927
9517
84311
28485
50692
48241
83664
46024
1
29128
16135
45105
42713
99808
85712
60813
27250
18507
1455
48066
48493
69107
44093
16020
77220
98738
87719
65180
99195
24953
75396
57810
12512
87944
99919
37699
64974
50665
77622
71474
57487
52551
29538
85765
11266
25675
9751
12211
16584
45421
66675
35216
84156
55044
85968
14736
99228
84938
8660
31607
60235
98412
50224
77510
13281
98646
67020
4109
28608
46569
86069
70944
81962
61108
45487
48274
74538
34954
12204
74657
30748
16848
37326
90113
53674
55812
52807
57989
53007
47309
7717
57776
5971
34113
88981
85213
17427
54961
33647
57804
80575
84608
57114
94441
79415
39660
69737
80101
65205
10820
84570
72247
66634
30604
48777
51530
53191
58763
30284
11899
58594
73507
63103
48147
27654
73018
61973
80720
98405
5017
37156
96893
94964
3697
14953
58018
56216
21829
70727
27564
67451
65262
68950
15247
18077
91172
18057
61880
78967
1986
66311
89483
74547
50837
32034
65205
4403
44816
23571
24093
82297
88094
64214
7765
96673
75435
49730
18974
67443
29111
22935
94230
61488
22896
58967
52660
55193
77883
34195
10468
87064
61891
86833
63113
98901
80127
62951
65015
47779
41680
64827
16492
356
69299
80676
73378
85234
69375
63419
63430
93708
89953
92456
21179
39032
26796
37281
67835
70143
73765
79944
21000
95723
45852
83608
42163
1829
12117
46924
9418
44859
52169
71734
28209
34775
9813
65179
49119
9848
70
61751
92497
34055
7233
65046
30438
38753
80759
48242
4978
10283
43189
23561
2417
79562
82462
21228
62878
97342
92622
83340
71321
42871
71787
97675
43308
29534
24055
15416
30209
70583
64649
45910
95570
74512
39925
80857
40377
45680
98800
67658
38318
66804
72073
84472
91
57280
22014
8761
10325
85793
39384
60930
1429
85867
31609
57144
25088
11987
39966
65408
30091
4724
53888
43975
44410
71539
4976
9506
69295
31248
53320
70943
58457
17908
1228
24664
12195
43104
33643
75736
9146
50052
84256
13440
46327
86692
65135
95001
34373
92978
87698
56667
36399
18240
46286
10415
41
58135
29253
48715
36086
19688
41691
11616
97457
19689
33636
23937
4437
41453
34502
40153
84272
26115
98927
52555
79304
69099
77584
94183
39148
92793
94608
68617
64647
71227
35189
74362
31095
10934
53420
82194
70202
92477
30354
37237
61717
15609
34922
4186
46723
33295
77773
71356
44138
79463
89292
30139
900
97198
58580
62789
58228
5505
52299
44598
63141
48169
19503
39345
83157
24838
41575
85648
66501
45750
16128
46887
58706
52782
8893
96831
41219
68952
28119
52138
5774
56185
88308
97794
23451
2198
12562
78227
55873
93615
58855
4925
49089
52579
19981
51627
22732
24889
94715
57564
44709
85767
51214
7079
62320
27827
66729
87294
65939
46556
19958
33899
19657
13114
83589
54635
27307
41312
62132
26772
71194
11208
95686
14756
43068
602
87985
5631
9799
70370
97189
59754
3933
4440
10206
57940
10958
80056
44710
92676
15909
1211
96628
68188
6860
28626
62412
31530
99796
80982
969
74436
43808
60491
6914
62170
94969
18682
15941
24291
57077
26788
71385
2461
41678
22840
18042
5947
6874
65829
75023
47897
78370
34147
66163
6824
26292
74736
70150
91094
81285
77938
29909
87754
89856
31220
82142
22792
69427
52442
18693
51090
88384
58420
52658
58137
40551
71765
79964
90502
46916
66106
53168
14520
39595
50887
12246
51113
84247
27774
25640
10346
72880
40451
63329
99894
94577
58026
49875
65518
99700
79779
33694
81226
89873
87436
15700
13202
42871
28453
1830
48648
13136
25841
34857
34667
86400
99245
32163
49076
78772
17619
22962
97383
74172
22161
88113
89680
95235
66317
69081
66218
34538
52390
32394
67700
93142
4864
16254
39008
79256
10312
52880
41333
23166
26050
77629
73228
57445
61460
28293
12970
75686
32793
81180
84604
75952
53756
93448
12723
97931
57885
94686
70650
17698
21669
50095
20742
20925
44410
34188
64407
15959
36259
45033
55619
18313
33591
83613
4872
69106
77884
61386
64203
73260
58292
34167
53841
73953
78564
77291
54271
92575
61297
26825
55889
3215
61803
7940
40845
68335
71386
48487
59580
24957
7112
18304
53064
30149
40224
24777
22014
96572
60734
35318
94224
73869
17137
17929
30805
2519
87772
97708
2274
55631
70817
60677
66312
72439
39309
46361
40192
15286
21688
79271
3765
32454
94825
80666
60180
38774
33837
24908
71432
22456
28963
2765
74936
17108
6747
62163
79453
51312
72162
38899
17767
57245
68855
16501
72440
19307
27540
87113
17896
80721
65364
40031
81278
58946
73221
88620
23163
48308
31257
65196
2524
80985
94505
90317
99060
99862
87354
56388
78147
81297
21469
53756
68457
30226
54220
13761
97855
17873
4204
12387
84254
10377
21437
98626
4670
41883
20399
73799
16651
58438
3507
99776
77512
97323
85208
41394
69794
600
57693
8990
14175
6037
49680
94604
12695
80797
15924
2439
58535
60463
59396
50801
35081
11105
42026
75510
72804
58379
60092
24141
77357
41791
68953
98420
1004
48906
19761
62611
35053
71548
57137
89147
93463
24868
76384
86381
14024
66849
47427
24389
68367
73914
4729
17726
39643
24649
9193
11025
1506
22298
42285
95773
80896
5
51708
97832
14007
49533
51313
48909
23428
86287
5606
46175
83335
63835
36464
21377
35009
5540
83288
74312
14516
13042
83447
18520
55153
90685
44135
11590
96304
42463
45694
60755
40037
68522
50881
70120
82717
30139
11384
50084
99795
73545
81028
71517
87245
36487
27905
50421
88939
98227
69684
92686
14626
67648
79843
72596
1993
90166
67710
48049
15515
48235
84715
12828
62989
21572
97338
9569
53357
2030
59539
42403
73887
98035
70406
57455
68167
13536
3923
98834
15739
32912
56072
56112
36981
81253
25578
2653
73135
87979
97658
88598
67459
27788
78268
2546
61126
39135
86770
89083
52086
67897
64267
88277
9621
4137
44204
37088
6542
16052
61322
15700
65217
50903
67464
8000
70401
38585
43261
33165
21261
60963
95471
23614
15143
34701
14790
4435
56430
2300
51212
64151
40219
48065
15449
30857
90094
64319
78608
76801
91148
92429
54629
83344
70517
6791
27025
4218
60337
85291
5859
57078
28871
13359
28288
44208
97739
25862
38462
57889
50171
59919
87194
36074
53563
42643
86925
41390
54115
63307
83922
44608
26192
21928
6020
74108
83710
10677
35302
9349
66544
37619
46488
89418
94151
81107
34244
24185
8399
63141
67228
10832
12095
94709
73659
17124
96210
84622
61191
7040
20816
86228
86588
96126
63691
93611
12991
43937
63218
81164
2405
42472
50773
54019
45674
94710
44332
84770
5146
48065
94051
56497
73490
82425
67787
10769
18811
36737
15883
57690
45570
25898
20518
55631
92422
9989
16077
65102
12859
75577
77788
80130
26341
39310
79956
51504
40284
6387
57490
67248
81737
39594
49022
47478
87622
9478
29535
95135
28370
11415
59503
11221
21052
20416
90169
81410
82392
82306
80408
93058
36054
25819
23901
62785
4100
38233
72399
25587
28627
54801
45420
2567
51723
81948
42840
44245
55466
63872
42986
54190
76930
22919
98122
24681
84626
11454
90608
318
85342
22693
24561
75744
78498
91911
99848
95616
66749
45526
53546
92096
33462
85934
94941
1320
69234
60586
56809
16732
32885
62154
11722
9415
18409
6138
53818
52652
30187
43258
56253
10973
16511
74678
61002
74286
80740
98584
59589
31651
59096
50470
28964
8703
87974
25102
51858
39943
61731
97387
79793
46193
68497
64058
53368
56827
72159
78763
8662
79261
95013
73406
82376
80290
62858
81358
64365
31925
54073
30077
60450
18488
35875
4873
2686
25053
79365
48299
22592
51509
59831
80056
81019
21692
94846
86412
93636
72040
16038
34683
86652
15369
84124
38456
74133
30694
43856
12384
52614
49790
45560
18303
59093
33042
62181
17061
87779
75109
80708
38318
27977
22966
56028
62043
95791
32602
94760
11677
50889
40592
43972
72006
48815
23734
24933
41768
25669
73479
98923
32013
69498
31687
47083
11745
14660
35678
53373
67127
30067
41133
71486
43317
2641
91869
53944
99859
16831
70298
46861
36327
75798
38416
76256
81057
77950
42657
85955
46463
31905
17113
19629
12182
51414
23834
55016
79067
39577
59189
54327
86761
43613
61169
16324
30910
47674
43756
3997
15968
42222
61632
13309
54780
73554
72762
88834
68701
7370
93935
24309
42955
59523
89554
68123
7599
26716
89786
18418
63335
1456
79925
94234
73066
19466
15669
36285
51052
59998
25254
26284
75694
97372
86765
29818
12118
54184
67149
27002
92785
9058
98361
41638
70516
52200
71982
26778
39880
85379
71851
9843
87773
81679
14289
44673
50452
18623
6034
17421
19633
22050
24829
47718
71598
94187
77166
7231
5143
84037
91557
52628
20592
57682
83880
33160
12185
23600
7146
66259
30824
9438
44168
57803
96542
39642
89692
22471
98455
88066
27020
38550
2230
50573
66473
26204
7444
97926
67397
33901
16018
55455
39472
71690
78304
10478
94138
81376
52144
83223
76062
35230
99696
77687
77908
79393
47280
18230
67112
11879
62670
65600
63300
52958
95548
21252
5486
87980
99102
26497
91943
10926
61516
28174
47516
61194
84896
82973
58973
70271
31786
6657
22189
40054
75683
78439
27573
68880
63611
41338
71949
80843
68340
62835
14884
2185
31655
45633
92429
13344
90386
34369
41358
83041
88267
39035
95435
95242
87023
40341
83126
56851
85760
68304
97708
49234
22185
63323
53298
74407
14057
18153
16558
35309
85480
19441
65900
69757
5175
96377
27725
64371
64715
3977
26809
82788
40945
51652
25355
39224
61016
63264
26056
30917
35739
19741
63665
18361
68496
32302
6962
19834
70706
45884
88799
95456
80460
72537
35536
23943
57915
68545
55434
27046
18368
77298
89494
68352
7989
31866
95213
66478
61776
79477
86273
13531
80943
8121
35153
90942
49789
51292
18564
5610
90486
73529
48836
77073
69026
41434
10981
27166
19865
50314
11738
41832
82728
30891
50243
67771
83106
33860
94696
53464
36030
88242
91512
59407
94622
63414
11371
74096
50846
30358
64345
39409
46870
97097
17795
46020
78944
91607
79820
77085
36797
86677
770
19147
74562
95457
24279
1546
87970
53209
78665
94094
44900
48043
53568
99938
75431
59116
33315
35748
31890
84488
71867
69408
56182
80326
12566
3980
51716
74853
17621
6250
36103
39017
88996
714
7947
70082
47078
90649
1382
3373
2148
39631
34278
93397
83520
49754
3679
78396
5688
96326
74897
9808
20085
20669
66311
94078
9425
5814
53488
58543
41739
18054
60800
60683
53927
78037
70059
68577
57653
79422
46460
75550
1446
85379
25292
41982
98200
25896
17776
39278
11753
14575
70704
51241
50165
98239
96672
28433
39446
7721
37283
25515
90803
26251
5624
74428
64606
19756
91384
4482
78179
5763
4286
35754
39578
88653
31395
62443
75857
67749
14515
85021
68549
83240
21473
81766
83061
71397
26898
6032
39545
22348
12409
51428
88310
75236
14343
98330
74126
49893
80199
74358
40927
34668
16669
91984
23821
6811
37621
23357
42105
13604
30788
91578
5748
3897
34355
32395
18201
44695
8025
69360
51040
4508
84670
57160
37798
11014
86886
60982
10570
79816
79810
20106
78580
26802
8304
20141
38462
83670
2993
38869
55162
83835
49061
3249
55591
23591
78282
41293
69634
98175
65210
80789
84112
73371
5554
96907
35156
51550
2794
3784
64024
26267
41506
65054
55166
75692
17813
5531
4747
90189
50390
81804
4633
79384
61398
65733
63297
51420
18726
64709
29810
99229
41042
23715
46607
56143
28862
72024
46581
76343
53022
13876
99647
95628
71644
53397
94300
50372
50366
24785
56825
6758
26886
48925
77357
38885
19134
44763
84562
51193
52647
32493
1421
8468
300
50639
79423
3658
51802
57254
18672
65351
56138
46059
44171
38593
52015
72060
50421
44163
14472
36667
86292
51657
46283
58996
44372
11054
21732
7885
77710
34463
24746
11385
43681
66201
71387
99728
6077
3522
83388
42864
71801
86032
93027
86365
52325
96057
46687
62595
21764
67407
10786
14263
87154
18637
43727
55857
98883
47178
29169
91676
70445
80163
91342
8297
84839
75972
5698
83369
42456
18885
45999
55102
88191
14347
17164
8165
89653
44171
89537
23077
65424
70198
8720
73662
11197
15641
11233
58189
36819
31661
28355
21155
70111
41465
73161
63875
69736
85682
55641
7395
46609
76564
27052
60248
10554
87701
66784
13845
22585
39667
35938
77816
34549
25132
27659
61758
21660
26938
57865
37787
69659
73613
14042
6935
50772
73045
52628
89825
81256
2224
40547
62139
75993
89334
18141
86826
61250
9253
17605
59366
61745
72724
84907
28580
52718
22496
8236
24003
36691
42521
53173
17829
22118
71995
94687
96394
13029
91277
22630
69924
54672
72685
79546
82476
4062
32109
29393
41791
92731
91807
41893
91117
13935
70509
47243
11884
66007
1094
58900
75257
78551
8470
46828
48977
38542
66115
82434
46436
2312
19796
93553
52985
81156
80407
23722
56865
90843
57974
38790
95773
86024
50283
81768
91392
63122
26981
81125
82988
30452
45855
11165
8757
47524
95106
44806
65119
77321
8578
62961
86085
1374
87860
55958
93915
25551
87825
75079
19263
57045
42517
19793
16446
21645
18533
95576
44930
21289
25242
30183
74356
56632
64324
17093
63111
54472
99517
38932
42441
68726
24528
44014
80413
35207
71446
23930
98981
50494
90269
86644
45309
57700
62361
85663
54153
28864
27052
48069
3071
44044
35426
26971
70093
88350
79817
45043
74570
50688
87655
485
13927
42988
36044
35361
45494
89300
22173
24408
84876
39152
23610
56280
87936
71364
4001
39669
6478
36617
21662
618
31005
30802
10786
63492
13704
11322
47488
7285
79321
86163
93358
94904
84691
95579
30102
96483
33063
6223
27260
269
34
85018
56195
63477
16468
66502
90004
17422
51040
92043
82153
65513
86550
32357
11617
25406
25448
62828
45620
77979
57818
23503
16390
91905
1889
33516
62482
15849
17620
78642
31076
73683
27342
42505
46474
84723
17716
32355
49288
15663
1469
17541
31950
84074
66334
15712
78525
79043
86354
57421
17478
53320
99083
49991
56954
4964
6547
10207
68141
37660
53680
58455
97421
86911
62393
66163
23831
65725
16171
82483
26349
94406
7836
21768
47996
18209
44032
7726
19774
45398
40626
56072
62775
13623
8470
32033
89226
36937
94851
45552
3177
70477
44807
94231
25808
55843
68913
52039
19246
54391
64500
43405
24874
84361
67232
24333
25590
43119
63532
2481
37637
85197
35562
18235
46137
48704
78361
25190
7507
46224
384
30179
55339
54424
45383
61480
63745
79616
40813
36789
76604
11631
67469
69250
44612
58247
68472
30266
17989
11246
83894
18007
92346
15489
71647
30177
39633
55761
2671
37868
14221
71614
67838
56993
25052
21402
73175
23220
82375
75001
64159
49400
2561
64202
51889
66272
39825
61299
37981
29436
44914
68226
411
95491
1535
77133
30589
44338
97251
96331
87125
60619
92102
61639
77131
16657
41104
55396
26688
78130
42349
16863
67542
84014
65931
86287
93237
88405
83889
11487
88003
83548
89796
67735
66476
28929
36403
29199
38681
20316
92997
93506
61025
92840
43726
6725
11994
90679
96249
36680
32560
77659
25814
22672
15308
71539
10415
60568
30453
26648
3916
93167
43670
62444
99506
70895
3252
17430
52368
16904
50210
1681
67842
11160
34463
1850
27507
48173
89993
69354
30439
61164
5735
45996
46818
98408
95029
96216
77486
57724
71501
5754
7033
66983
59537
45790
72678
10652
10460
34946
7339
63470
56279
48259
29343
26913
33591
18446
46552
9284
12644
53624
14023
75270
54480
36049
3671
34745
40813
54845
70420
43977
36440
8914
7735
42109
23023
19508
47078
7100
41556
75423
29880
73319
67331
73508
50115
60553
27985
50133
26663
55003
17763
1388
7744
94272
95000
28720
23440
97591
84374
31193
78735
68864
80882
47097
50142
60200
34778
66402
69511
79155
23949
13325
92561
29094
25253
56788
29027
64995
78068
8572
5848
93009
53289
17655
9552
69895
94742
58114
41175
96703
15153
30833
9648
98525
25884
59548
75841
11185
85095
12033
46856
58296
53461
92679
28679
72145
56120
90063
76500
39536
87790
85843
801
6089
23098
9851
65239
20856
59905
14628
37921
79632
20908
21271
83370
80719
22970
31805
62454
73898
35897
93867
19050
95567
43596
77123
58674
35071
18141
44204
23736
58031
27390
93455
61258
69006
67952
38823
35002
92896
21097
34370
69219
56266
14607
10591
45516
23647
37680
23813
78443
36988
19300
60871
21938
50894
91134
77691
72656
67285
62582
5922
25751
25333
584
43189
7071
22677
35905
72847
15176
60962
75763
47250
60636
41077
55
13144
59586
17837
47796
41590
54077
52016
53306
34177
65343
73582
26239
62227
36402
80676
66008
85586
21120
43717
73317
62337
70953
5178
22038
39345
4554
75626
71786
13902
6076
68799
8494
54317
53956
60570
3783
82942
32863
67620
15388
57641
34350
17972
59535
29406
6745
46415
32115
57766
898
20354
24707
27440
30204
85114
91773
34068
43300
89347
15046
76788
96758
671
85528
37082
89038
67203
36714
49561
37776
47678
66717
12226
92320
20353
93500
15966
99576
72361
82059
57902
40732
73488
52078
60027
4517
76828
603
63888
94728
16888
38586
67828
30271
77259
34596
39250
5464
83790
46473
95288
4734
30984
99990
368
68110
37217
8592
7699
3825
36395
81309
94999
43845
49628
3860
5208
69449
43283
84645
76103
28224
62050
47282
53975
81880
46242
81714
15540
89197
36796
93633
41587
9969
91421
45042
6727
15946
60936
98357
2158
36861
204
28883
55312
11885
76025
55506
5103
16274
57784
71301
69690
87862
8151
98382
70623
1250
78570
55847
93678
66846
79876
40723
92730
43897
53182
47735
85168
80647
59787
37222
78601
30072
31382
6355
55129
36057
60702
31811
35025
38053
4815
42687
49394
8936
59202
71428
60167
56108
75068
40929
83450
25401
89866
55775
69570
84033
58728
85311
72477
85161
64388
67213
69279
39731
18378
12924
30144
25910
30796
26651
97014
85810
43653
49404
12277
61527
30789
71760
92993
4550
43994
33879
29564
63231
49930
76885
55559
83293
12727
89943
16076
44
82920
21129
84750
62964
95272
76724
46239
18240
65086
95216
16180
35510
44985
83320
23924
29956
95745
48306
57469
7400
59644
20630
37498
18168
35179
98504
5344
81050
83008
70711
42201
28411
43875
52715
33401
37099
98684
46432
49792
23823
46017
14901
21845
86143
84831
87252
34271
63391
43880
12398
42876
14609
38417
40514
82304
11809
84620
40854
87123
7826
63064
72922
26229
53010
61410
49986
12475
9874
97321
55488
62489
50806
19205
36546
4766
92021
45807
43555
5495
86217
28158
76856
17903
84897
73352
94655
63488
60545
73902
64817
30894
2892
48951
59486
31766
18938
40935
89633
88489
2476
77324
93963
348
47133
61909
33423
95055
97691
98390
17424
66234
23807
2028
52961
84542
27403
45297
82285
91308
77670
47670
11297
49970
79628
96071
97199
11474
80943
76605
6005
3001
22476
21047
9613
24875
91399
6873
54563
71356
30129
38058
97800
14052
97418
38754
7310
29063
67252
15590
78956
25540
90
80055
49964
30579
69446
89116
69171
56244
6309
67034
96916
84918
80707
47909
76586
37107
67545
55361
59448
87249
21432
16296
28625
60965
90311
72751
69754
48555
66317
28244
31352
39906
11829
3620
66409
75969
2848
80785
93115
93206
15162
71237
30168
9170
8199
87798
32654
57136
8647
78856
48151
3175
23774
10053
77040
53052
80234
25267
57906
79360
42525
81192
53944
40809
16060
22900
18251
82930
51757
64538
68004
85350
92881
52400
55903
18347
58760
70423
49887
44256
19709
54401
79169
35832
44862
50279
44454
12556
51644
66965
13020
23596
80644
11427
55557
98396
38044
28271
88002
99239
96097
35433
86974
74070
52186
39870
99043
99021
63537
46470
20824
95219
20745
23349
17334
50610
99644
30206
31949
5088
2936
84049
5548
94238
96403
49665
78959
46258
45394
74589
97049
94465
46417
40796
99217
73117
44856
6301
4206
26697
91391
69030
16191
44583
51237
65819
70973
77299
68498
63048
4139
93938
49470
89483
17483
25307
92043
43156
81935
47576
90363
86889
31409
16643
24477
56099
74301
33165
2294
84828
10386
19101
19816
91604
63939
34973
43804
28792
12042
11005
42801
44065
12585
32485
4501
45308
97269
69888
95993
18575
75784
50681
84219
67614
98084
66238
56644
20469
79683
89244
41661
50644
65588
45487
90302
17311
76695
46551
24537
58409
26045
3324
15150
82498
26695
36724
69899
10322
91594
10971
34697
25292
60686
25925
59835
42614
54015
56874
11097
43756
91902
74663
12900
89907
35231
54029
38805
62198
68836
53113
96647
73849
8689
72189
76536
23753
79449
81913
32139
37121
72450
14824
74720
39996
90481
68794
3341
66970
8578
7808
82018
71327
54122
62577
84375
5021
45066
86735
68259
90694
56135
88045
19305
79228
85564
7119
22928
57376
28527
91516
88998
81265
53273
63636
2968
21003
73726
40013
427
14087
56859
66353
67952
49027
12802
25771
73695
55001
18590
7185
55057
37900
29952
52060
53828
75569
76842
75336
71501
94988
31702
8192
24511
96936
2697
26757
53043
17167
25774
26101
75547
67498
83672
34269
25144
13650
13063
49666
28723
16473
79257
12305
54654
9676
87864
263
54503
93590
33669
22838
20905
28323
86476
64748
90885
57013
49909
52676
90513
40974
57537
5175
27764
29546
67239
65254
16865
20387
6065
5861
11224
83932
66901
37143
71834
5432
1217
83701
59292
33576
43746
70074
60075
17801
80090
77920
11638
71976
90215
23323
63585
91071
58549
44617
70311
84811
86849
2515
73083
30022
13244
58616
54530
55843
54972
13726
12716
17138
79700
62848
30555
72210
21353
96988
18471
68330
38067
59703
81894
46572
14462
32685
44953
95163
38090
88879
24210
5351
75069
66081
81007
19651
9929
51792
22540
69443
10339
99820
5443
11821
98700
80667
98543
87228
48507
93611
32293
52331
90441
46779
93956
65117
92040
28446
53997
56760
41297
74467
48196
13618
17073
54809
40778
18053
24850
38039
7286
51007
51453
6534
87927
25913
96386
21504
70385
52804
33481
17979
67889
16003
92928
57299
39872
96232
50382
17507
63733
10324
94726
135
89350
55282
9570
18585
45110
12180
69150
70569
98297
4606
87827
11417
38444
48732
33002
74548
93993
24888
20198
75956
75439
45849
28617
47501
43400
45515
12173
35532
19467
28389
22620
62350
15128
53557
54812
73983
48357
26164
18084
58054
96004
59381
45216
98568
89227
86837
93135
51183
23549
44853
93071
20662
51625
11333
23444
5362
48694
11588
51992
39682
37237
60306
52124
81503
2733
70512
78255
88962
48912
42806
84540
6486
69922
92527
47351
5645
71665
20768
90138
41631
26300
83777
20356
69686
29741
81202
93131
85122
46240
56044
48609
34600
56830
15426
41691
46922
60081
57878
56414
4326
55141
25152
64446
49293
49290
7512
91928
16649
54192
45773
17172
79296
35830
81740
42271
99658
64557
24114
38049
92269
82175
23370
1020
98347
46355
65472
53283
8352
24587
87210
72056
71780
63610
4715
71605
75540
92361
20690
5543
62214
68187
45068
35347
66605
64203
27272
8510
41982
63286
85723
91076
2455
47652
64520
63719
82134
46455
76189
69537
28817
5871
18087
24521
23080
18855
13658
3619
78834
70434
5385
20133
75362
78134
69286
5197
42593
46149
36496
44530
88023
48104
77851
60723
41684
6086
74987
6948
41691
43983
19277
58819
23762
52831
87060
39134
44535
75769
40494
60817
86361
38249
62103
51393
86260
12864
67530
54274
90634
40467
9790
22219
91489
83007
68596
43418
91100
30008
19300
68787
32510
7982
69028
3228
20361
54066
69105
86238
66435
2329
96231
64980
50251
96968
69016
15902
44242
9553
99309
50144
23326
19171
38697
40374
37891
45161
83289
64313
90772
85075
95491
97698
65870
95258
41938
8178
59
15739
10838
48529
47117
18771
42021
83037
72694
83492
56630
83172
17093
15079
88421
60423
293
90274
64136
10139
90325
21521
96796
24600
83450
43582
58456
95896
73198
61214
76729
90976
95614
51914
62018
37598
95589
16705
71667
497
72159
9885
84155
72751
61676
58246
26666
23881
2378
7528
82586
51837
81705
11238
79790
72075
61021
73457
22548
15938
85758
51779
78923
75751
87178
91736
46507
29653
56854
94607
58221
93155
10587
70019
15354
25872
44784
36045
43604
14581
69612
95636
45754
27632
71645
22087
79939
58446
67892
20965
66544
48607
70993
70653
49450
36445
88200
28781
60304
90996
27471
64696
61142
45267
29136
34949
85779
29951
83240
31128
69030
2014
29140
32427
88852
39102
92495
76788
93623
21657
56715
20148
73567
30062
20304
41275
8579
17164
27601
95175
58828
51849
30683
10679
70134
30356
39365
11310
91688
29843
66759
64680
16234
30805
9322
15587
96586
30723
23225
76571
21488
19098
32268
14567
61552
29564
35315
52788
50305
2236
8133
32169
30605
58915
86867
54720
6493
4964
58367
64913
37749
47308
37004
54174
5457
92477
45306
9603
30467
96163
16891
99008
99574
84407
18222
28296
89235
47970
52763
31117
6042
13926
77206
41691
70011
78979
52979
1971
22254
88728
41556
69296
17961
5952
51567
16764
77986
51569
87689
26833
7957
48340
56583
54879
35342
83686
4823
22254
73735
68089
38281
50897
95337
92026
50949
37925
98510
46378
66160
63648
85115
9689
45063
66382
7252
58843
99327
51083
17921
77628
53453
3360
29087
20915
32217
59422
65638
31815
54134
39726
20232
82538
60771
98743
71028
41447
87125
12156
78652
27070
69767
93037
62661
30893
10344
88870
7695
75310
50153
89779
5368
46569
4742
14895
21507
62054
42369
74979
86230
88968
42986
33937
94681
47073
40734
84431
82646
57418
51774
25363
81336
37447
65212
7523
38794
21927
17967
68064
20891
27521
10715
26346
33468
41165
20795
2649
41892
81283
83018
27958
6817
61888
12132
63340
4197
19663
48013
99293
54881
31827
56524
73939
72109
80423
19982
66434
30953
29402
82028
10375
26400
23219
35130
36243
33892
80902
94818
15648
31786
1336
2253
44334
17173
34848
25116
16067
713
54120
38587
61719
93618
49802
25443
84324
99882
19826
35829
75341
71504
65532
53459
32937
45192
81229
90372
65391
88302
66306
85213
70637
78208
54202
86142
68205
40816
15492
54898
93871
66865
79130
41608
39176
23810
34495
8122
79857
20337
64610
86715
20731
54013
40972
87125
13336
90402
90762
76486
5390
56662
95590
63942
84192
71705
34027
64426
10084
55183
82357
30203
77741
62607
32933
84446
15765
48579
11360
86165
86107
93488
21251
83426
62101
61347
41989
14760
12905
65521
66040
52369
22377
71697
37180
86037
76885
43195
6634
27813
83632
5303
81059
17998
81075
70224
72220
39628
55529
78990
22623
15586
68652
56329
47143
12969
15827
74835
9501
4046
31074
99014
99873
60647
47650
72583
66936
41385
48093
40269
44977
38033
44165
33022
17561
32971
14466
52333
94130
65037
57576
116
11175
89840
95293
86161
85685
32063
50967
4269
62563
75040
73132
51753
80718
60129
84983
11282
30160
46050
12884
56211
7918
4473
79760
80903
81493
48681
32375
21544
87663
4723
47512
6171
5894
93676
18519
553
24490
95326
65511
61922
34658
64059
8645
64452
65069
22122
83187
3508
42025
94206
73069
35272
76784
79373
98887
87793
33931
76830
28548
48462
99681
72417
90557
91113
17156
37157
40545
90997
20269
92202
20144
36150
92239
68510
91524
94587
92763
47815
42518
70212
38414
46229
29152
25495
51444
16524
22140
72345
28568
30189
5625
4851
25676
27775
347
92183
75409
95529
96527
5556
89408
61291
46134
51304
30570
58183
1188
76774
29511
4594
79752
84491
60920
57211
52704
47566
7921
90742
23608
49637
38698
82543
52874
5432
7977
67632
91771
99249
5485
48446
6065
17955
43333
23858
40998
87368
87943
28915
98531
72743
34255
10786
48254
8430
65717
64192
13626
71239
74327
5421
64648
75452
30458
28347
13005
17269
20998
3485
49119
46580
60150
26403
21986
29982
24497
79828
1890
69205
58679
28362
51290
78024
70322
50188
16915
2766
23129
71945
91956
16639
16008
91994
70680
76404
30777
48527
6958
21675
42499
78741
1597
12819
35105
41781
50594
76917
48069
30562
21551
86566
44292
32202
23887
6025
65595
76415
32456
91693
65919
30932
63715
3488
86733
33838
18382
8072
56166
99051
80684
17132
90569
24063
41777
59319
27299
27080
95209
1282
51755
16318
88769
51354
15061
39706
27895
81390
37465
60448
46147
7689
75074
56896
5297
21049
19679
59874
93278
47467
21676
78121
58548
51566
38238
93235
87627
56587
359
39917
16700
61638
14784
44879
35434
96160
11731
6303
98560
56380
34642
9612
96074
54931
73594
31237
84829
74696
35892
75504
91479
64524
76850
50342
65995
95451
18743
24849
76484
47105
93425
11627
22402
937
73166
48098
68920
90376
48514
45107
75457
66355
77766
98987
90239
45423
86929
97244
55223
24285
52257
30414
46314
55453
85213
31922
74936
46053
90884
46131
98690
80808
77660
20839
76330
43317
63189
48559
65542
84827
37256
22369
88616
19850
19559
57275
50705
65754
94101
29556
16786
86734
9871
17570
72009
80957
48179
12615
32897
51605
80198
77040
68259
92980
73515
3466
96435
27327
11748
69328
71657
40853
26390
42199
97214
96789
6564
57423
24473
64268
69757
43364
26320
99467
21493
98341
59444
48521
79456
80204
94889
4006
6821
23012
25991
10049
56778
91361
32470
73364
82450
15631
4323
66054
61510
52885
10198
65367
95105
65217
35360
39105
93734
68277
43443
10345
32740
78013
74643
45695
15692
41673
21298
10326
61694
75615
19789
7196
38757
1003
89380
83479
21809
38692
27133
60347
81753
77716
21738
50668
1701
87215
33843
70262
54584
81884